image1149_jpg.rf.08dffe6e101d45ac1e92163358c969ae.jpg 128,203,176,282,0 149,226,192,293,0
image745_jpg.rf.11b36ea92fb94bb09b69eeaf647bc964.jpg 221,68,272,285,0 256,55,327,207,0
image934_jpg.rf.105636a9c19887ec03d3803049135bd5.jpg 202,159,227,238,1 234,160,263,244,1
image159_jpg.rf.0b807c94387ca15e28f2d1e8f557b9fc.jpg 11,121,50,285,1 232,116,272,263,1 278,146,334,307,1 177,126,205,192,1 197,156,229,217,0 185,174,219,321,0 5,52,37,114,1 69,53,104,156,1 0,107,23,159,1
image1113_jpg.rf.14c1b746c06a2310edb553403ef6fe54.jpg 187,171,229,258,0
image398_jpg.rf.1b8d9d2ce503a3849c9a8b5ba53a57c9.jpg 88,18,138,166,0 161,133,193,184,0 214,113,251,189,0
image638_jpg.rf.1e738a08e0dd9c90cd08cda52bf256d0.jpg 207,49,252,343,0 239,62,270,371,0
image206_jpg.rf.30e429194a8b04885b1f25c28d66fec4.jpg 213,237,258,284,0 186,255,230,306,0 208,208,294,282,1 190,117,232,238,1 127,92,162,178,1 21,168,72,284,1 8,146,37,242,1 0,188,22,320,1
image612_jpg.rf.43005758db3d80aa5a62e27975054d8e.jpg 164,118,294,405,0 235,31,365,304,0
image283_jpg.rf.13e34602466cb58f59b0bf56a81e73c3.jpg 274,129,321,285,1 227,207,265,356,1 141,167,234,292,0
image462_jpg.rf.0e8378f740185076d903f969b727a27f.jpg 10,212,76,415,1 37,163,117,291,1 153,232,228,415,1 228,96,301,329,1 188,150,256,383,1 109,156,196,278,0 220,234,253,301,0 158,224,190,272,0
image460_jpg.rf.2d86ffab7ceb81ffca3b68754c766d92.jpg 8,187,44,415,1 46,232,108,415,1 52,202,121,262,1 170,253,220,415,1 205,165,253,406,1 224,120,284,319,1 139,112,218,217,0 141,208,202,279,0
image23_jpg.rf.582e912875572771e3af944b295dd72c.jpg 140,111,180,202,1 291,131,324,239,1 350,199,396,300,1 88,148,147,212,0
image1022_jpg.rf.31b253bea5d2ce2cb5be8ed94497f1eb.jpg 179,178,243,303,0 225,175,283,319,0
image962_jpg.rf.3bac35dd677dd9a9959b226c05f65f27.jpg 225,130,272,214,0
image365_jpg.rf.20ae868ff5bfe2922d090d939b7b87e3.jpg 62,37,98,190,1 180,104,237,253,0 214,90,278,252,0 340,201,382,372,1 272,188,310,366,1 308,160,337,296,1
image64_jpg.rf.3257c58d44133b485d7882264d8281a2.jpg 125,237,178,398,1 168,46,192,147,1 176,75,203,227,1 294,128,339,257,1 272,162,331,293,1 203,95,240,180,1 219,146,268,308,0 228,237,249,290,0 155,209,235,290,0
image178_jpg.rf.4a7b1620c9a1ab40f0aaf00dbc3718ae.jpg 310,179,351,257,0 341,243,386,342,0 292,227,384,308,0 244,133,283,316,1 212,101,241,249,1
image858_jpg.rf.527f5495604a8fb405dda245161533fd.jpg 141,57,241,368,1
image842_jpg.rf.5781caa8ca6b5f1854e7ec0f2e210a66.jpg 244,87,325,390,1 313,128,412,415,1
image252_jpg.rf.5de68dca97f0051a5b0ac0df039a8972.jpg 286,128,320,250,1 23,260,70,359,1 97,196,140,332,1 106,135,143,213,1 139,143,184,283,0
image16_jpg.rf.5ece94fb237d1f852b2f38347d0692fa.jpg 179,163,195,257,0 188,171,212,258,0
image938_jpg.rf.6319a8e44cf3e4addf12cd6b90b3ef9d.jpg 219,159,250,232,1 234,161,263,218,1
image436_jpg.rf.6061aa00de9492ee9ca1731e7eaf7cf4.jpg 173,36,217,183,1 366,43,416,188,1 212,130,265,201,1 216,201,259,317,1 372,288,411,377,1 364,171,416,287,0
image440_jpg.rf.5b9dd9e27b4130ccdfce4333e7bcd07d.jpg 2,224,66,304,0 139,214,191,287,0 145,191,192,272,0 197,57,239,165,1 279,166,324,300,1 214,157,256,276,1 250,127,285,246,1 241,105,275,132,1 327,202,351,351,1 328,231,379,356,1 68,212,98,346,1
image733_jpg.rf.9a7f327d845c29f8be0724fc00580deb.jpg 187,211,248,289,1 264,208,315,316,1 212,183,252,255,1
image270_jpg.rf.70fd6c5aa0d16e807729b9b05b77f0ec.jpg 52,109,102,207,1 201,244,238,355,1 142,143,175,252,1 170,191,214,287,0
image705_jpg.rf.82ed516cfc6e9a7678d5d6d8245f6899.jpg
image17_jpg.rf.7091ed0e496b863d5ae5b74dd344cbd7.jpg 159,150,180,250,0 171,161,194,256,0 308,244,361,342,1 380,156,399,260,1
image931_jpg.rf.9361506783a28e38e80bdf8d636d87d3.jpg 226,269,310,391,0
image1137_jpg.rf.8cbc9ce064c67023e4692579332f4da5.jpg 123,205,186,294,0 146,186,193,288,0
image760_jpg.rf.c59752b45e803633c636cd435c2269b7.jpg 169,202,211,275,0 177,185,217,237,0
image708_jpg.rf.c0b6b6caf6a0c30e916856e2e039aca5.jpg 199,198,226,281,1 201,157,243,237,1 157,194,208,231,1 167,226,211,267,0
image187_jpg.rf.b2c2a08741380c101bfa0d22a17cd63a.jpg 167,206,197,302,1 148,110,174,192,1 142,82,157,149,1 218,121,248,208,1 247,136,270,190,0 243,177,271,215,0
image124_jpg.rf.66254f9c0a5b0b785ad5558137ef08f4.jpg 37,226,57,305,1 71,227,103,299,1 177,170,200,243,1 216,216,248,292,1 377,244,416,305,1 117,176,137,247,1 100,156,116,235,1 110,197,152,226,0
image433_jpg.rf.771dff11748594933a19b9bf578333de.jpg 335,87,405,216,1 258,214,307,352,1 224,65,294,141,1 232,134,272,289,1 337,223,412,296,0 316,263,376,355,0
image709_jpg.rf.af237d862f66eb0fe0c772ac64153885.jpg 213,192,243,286,1 219,159,255,247,1 160,200,213,271,0
image230_jpg.rf.a6be2f920a1efdf864911c8a59432b29.jpg 66,276,105,401,1 90,268,150,388,1 179,215,233,317,1 159,150,203,250,1 197,153,237,268,1 218,119,256,215,1
image450_jpg.rf.b12f5ee3e71552baeb5c9ac0477e2383.jpg 1,215,40,302,0 88,178,132,239,0 47,193,82,282,1 73,227,119,354,1 114,195,159,307,1 185,233,242,345,1 149,237,192,341,1 200,148,247,260,1 376,159,415,294,1 294,115,365,231,1 230,66,263,191,1 258,92,289,217,1 295,230,331,350,1
image6_jpg.rf.bd26a5ce1227269e84418dec59148477.jpg 76,135,163,325,0 90,211,190,301,0 111,54,182,155,1 155,88,244,278,1 257,2,302,193,1 202,0,264,95,1 142,0,184,49,1 37,0,63,30,1 0,4,81,109,1
image9_jpg.rf.82e97bb026f47b762afcbf9a6f6ebfcb.jpg 7,61,118,306,0 0,161,61,245,0 31,0,109,149,1 83,0,162,39,1 271,0,339,170,1
image903_jpg.rf.c9381d19992b9571fd7fb99dc3059533.jpg 175,196,274,299,0 176,149,279,254,0
image224_jpg.rf.b760d014ffcbdbc1ed7db302fcdbb5b3.jpg 230,206,274,279,0 199,238,244,302,0 59,146,134,268,1 125,135,217,281,1
image389_jpg.rf.90f9a2d0b08669c51345370bf74df2a4.jpg 66,197,111,352,1 134,178,172,353,1 172,204,212,352,1 315,158,368,348,1 243,107,288,225,1 195,130,230,244,1 245,251,314,321,0 220,220,257,340,0
image396_jpg.rf.a5a8952e8d583d95e2e76ee41384c21e.jpg 174,157,228,223,0 64,43,120,163,1 18,13,60,131,1 146,120,180,232,1
image421_jpg.rf.a06e0aeab494176c514dc75d850478f5.jpg 0,240,47,297,0 179,217,217,322,1 58,176,103,283,1 108,102,143,194,1 157,140,190,246,1 214,78,243,163,1 183,77,215,155,1 178,117,205,204,1
image22_jpg.rf.cb6d6a17b74b8c067dd660241b454132.jpg 120,143,147,216,0 106,175,148,223,0 146,127,179,214,1 310,134,340,247,1 341,212,381,309,1
image432_jpg.rf.b2c92b8f8d7864ee9c1808bb4404d39a.jpg 229,136,276,277,1 246,84,295,186,1 331,108,389,218,1 333,215,390,290,0 321,269,385,378,0 273,209,310,356,1
image181_jpg.rf.b3356957af5979f103a79c105284e3ca.jpg 232,83,276,239,1 285,116,321,304,1 367,227,394,345,0 293,235,372,308,0 308,173,348,257,0
image1140_jpg.rf.9effb4dee526b04cd1fc15f81c05f0a8.jpg 159,179,196,264,0 190,192,239,272,0
image752_jpg.rf.cbe601439a7d52696bed7f7ddd04d862.jpg
image1202_jpg.rf.ce567fb1a173af395327aa617c4b2a93.jpg 201,99,279,214,0 222,82,317,199,0
image995_jpg.rf.d7cde054ef87f3c9145a7b9ac0ef6a3a.jpg 134,191,191,237,0 149,147,195,198,0
image832_jpg.rf.d1163169d7a6907500f4e1b3dd4d09e5.jpg 195,246,272,323,0 167,172,240,301,0 275,158,324,289,1
image961_jpg.rf.dd69060514c9e1ea4e18e55a0b913e11.jpg 215,125,271,215,0
image910_jpg.rf.dfb363967e8acdbc4807394d3ea68f13.jpg 177,194,299,271,0 219,139,327,235,0
image946_jpg.rf.f2517697258ff062f76331f69c8b218f.jpg 196,181,234,224,0
image243_jpg.rf.df243c841e553490608a03cfcfc3186f.jpg 226,158,269,301,1 77,269,119,403,1 144,230,199,307,0 83,192,145,325,0
image602_jpg.rf.e2bfb00eb2fd59a1dbc8f71c963c5993.jpg
image271_jpg.rf.db498c7bd318c33858952927aa056f9b.jpg 138,147,167,253,1 186,236,229,354,1 160,187,202,296,0
image907_jpg.rf.fe1a71e6f167b33224fe3f01e18d0682.jpg 180,213,286,286,0 205,140,307,238,0
image720_jpg.rf.d8639e2a8e85220e9e16cab554bad1ef.jpg 124,95,220,337,0 175,90,269,323,0 289,163,362,406,1
image201_jpg.rf.e1853a588621d853a3a9cf20c3fd1129.jpg 96,96,122,175,1 116,162,138,265,1 88,162,117,268,1 0,190,31,297,1 147,134,181,230,1 164,200,200,295,1 185,254,241,295,0 215,232,243,307,0
image366_jpg.rf.e4d17bd6bd6d637e9162dd8926ed7ab2.jpg 57,30,97,181,1 254,197,291,387,1 329,209,370,379,1 309,145,349,270,1 203,89,255,234,0 165,120,215,239,0
image376_jpg.rf.d5ae481cebb279d96610936e1d482b85.jpg 271,211,293,343,0 250,190,278,311,0 278,112,312,217,1 199,224,239,341,1 164,254,193,351,1 119,195,148,335,1 64,251,87,352,1 77,222,101,312,1 52,219,77,335,1 54,174,92,241,1
image331_jpg.rf.f522eb411621ac4623e102370f0ad0c5.jpg 95,181,186,291,0 77,289,185,368,0 179,116,242,368,1 357,163,408,372,1 92,44,176,180,1
image354_jpg.rf.ff377e6673ef1ccc685c14d2de6d11b3.jpg 35,220,64,352,1 311,211,336,332,1 318,134,342,210,1 342,103,367,207,1 330,71,349,136,1 194,100,223,202,1 227,123,259,188,1 108,189,138,312,1 110,131,149,198,1 206,206,226,309,1 244,194,292,235,0 224,210,251,273,0 179,197,205,273,0
image347_jpg.rf.e613c0e30740e782a76f42d845ad6a56.jpg 41,221,72,337,1 94,202,127,311,1 114,198,152,293,1 349,229,380,322,1 227,210,266,301,1 213,111,254,195,1 279,186,315,261,1 304,108,337,201,1 279,93,308,170,1 176,201,230,247,0 174,168,217,222,0